2034
2178
2852
3662
3941
4457
4515
4707
5588
6071
6201
6260
6885
6948
7431
8109
9779
11860
12105
12180
12570
13156
13239
15678
16104
16357
18172
18530
19161
19411
19731
21438
22551
23304
23341
23778
23778
25354
26780
27425
27613
27904
27960
28761
29693
29806
29806
29834
30117
30197
30302
30419
30419
30841
30908
30908
31079
31235
32272
32878
33073
34115
34296
34339
34471
34616
34879
37525
38079
38242
38570
38792
38984
38984
39135
39135
39547
40511
40518
40675
40730
43300
43960
44471
45791
46012
46043
46109
46216
46601
47254
47968
49534
49534
49588
50957
51103
51124
51939
52617
53025
53453
54193
54291
54681
55604
56151
56824
57055
57187
57201
58361
58592
59401
60064
60064
64247
65202
65384
65914
65914
66849
66895
67199
67494
67532
67727
68619
69623
70412
70578
71478
71508
71525
71745
72316
72423
72655
72911
73088
73093
73605
73609
73887
73902
74585
74783
75208
75234
75488
75488
76321
76741
76744
76791
77155
77159
79225
79326
79424
79839
81050
82536
82925
84919
85417
87888
88095
89107
89615
92339
92339
92827
93456
93542
94026
94601
94610
95585
96287
96289
96294
96638
97052
97579
97931
98222
98559
99102
99321
100517
100817
100979
101063
101704
103341
104218
104599
105096
105107
105183
105608
106423
106455
106618
107559
107681
108976
109870
110740
202890
203200
205239
215155
215310
216039
216983
217165
225211
225463
225569
225868
230131
276641
276750
277028
277923
278041
278327
310316
311871
312037
312065
312066
312840
313041
313395
313625
314132
314606
314865
315136
315641
316236
316300
316621
316643
316672
317477
317477
317788
318259
318262
318580
318996
319124
319156
319237
319379
319450
320174
320515
320573
350133
350305
350403
350524
350920
351017
351127
351717
351817
352079
352747
352949
353634
353779
353827
354699
354767
355622
355701
356395
356395
356591
356708
356830
357097
357108
701345
701374
701856
701974
703799
704384
704384
704508
705408
713138
713492
714560
714756
715031
715414
715779
716214
716644
716823
716934
717422
717751
718007
719241
719662
720145
721176
721675
722051
722104
722487
722573
722839
723371
723527
723924
724571
724742
725151
725282
725395
726513
726608
726990
727089
727347
727672
727742
728249
728586
729330
730169
731190
731647
731859
732152
733337
736035
737203
737243
737561
737762
737955
738194
739708
739878
741012
741815
742814
743029
743368
744106
744667
744962
745167
745287
745448
745655
745774
748210
750199
750274
750339
750813
750901
751976
752208
753048
753772
753899
756680
757011
758604
758722
758743
759153
760497
761034
761682
763098
764241
764763
764794
764794
764858
764897
764960
765414
766004
766738
768119
768957
769591
769852
770471
770944
771176
771729
771934
772349
773135
773135
773318
773326
773603
773723
773724
773937
774492
774937
776008
777516
778161
778164
778423
778438
779033
779226
779334
779733
780118
780882
781889
782995
783209
783211
783738
784932
784977
785080
785814
785962
785968
786343
786765
788983
789878
789879
790360
790414
790526
790706
791115
791219
792341
792570
795662
795665
796369
796486
796735
796764
797167
797315
797329
797448
797496
797542
797556
798122
798186
798539
798952
799088
799097
799119
799197
799268
800055
800181
800193
800401
801351
801448
801550
801558
802301
802481
804154
804331
804888
805012
805020
805305
805907
805956
806085
806514
806624
806817
807144
807877
808207
808220
808713
810208
810332
810365
810536
810932
811014
811510
811596
811696
811828
812446
812708
812906
812906
812927
813347
813775
813781
813781
813856
814068
814249
814457
814580
815093
815508
817129
817644
817785
817979
818008
818074
818467
818682
818808
818815
819255
819479
819551
819690
819818
819975
820408
821407
821483
821536
822076
822665
823927
824109
824174
825692
826253
826743
826773
826773
827809
828529
828956
829218
829499
829549
829676
829764
830141
830741
830821
831002
831002
831115
831246
831327
831489
831669
832412
832820
832922
833203
833376
834408
835582
835768
837038
837166
837173
837339
837342
837472
837490
837852
839437
839441
839621
840216
840256
840264
840319
840889
841123
841555
841866
842009
842010
842162
842635
842807
843081
843494
843650
843964
844055
844985
845874
845879
846469
846538
846771
846815
846899
847468
847555
849101
849862
849979
850316
850476
850519
850660
851199
851292
851726
852570
852766
852952
853083
853271
853532
853695
853927
854171
854709
854858
854877
855109
855372
855575
855581
855667
855684
856164
856200
856710
856984
857171
857565
858155
858395
858558
859475
859636
859735
859747
859916
860131
860235
860749
861955
862026
863456
863893
864902
865532
865570
865941
866491
866492
866535
866671
866734
866751
866970
867443
867572
867687
867687
868016
868075
868076
868263
868512
868725
868797
868984
869295
869486
869487
869494
869495
869498
870213
870227
870228
870398
871696
872248
872548
872867
873458
873601
874212
874265
874385
874389
874501
874787
874841
875525
875612
875762
875942
876103
876320
877355
878079
878324
878543
878720
878731
878774
878802
878808
879123
879124
879181
879206
879301
879385
879774
879813
879969
880034
880259
880354
880460
880643
881400
881468
881771
881905
882074
882159
882160
882259
882287
883324
883558
883670
883697
883701
883811
884124
884318
884321
884403
884719
884999
885067
885322
885475
885546
885551
885566
885672
885741
886113
886328
887150
887356
887403
887433
887591
887996
888507
888693
888918
889087
889237
889423
889571
889872
889992
890080
890081
890096
890152
890175
890284
890449
890784
890924
890925
891285
891504
891533
891537
891933
892535
892553
892604
892986
893139
893335
893670
893692
893741
894158
894232
894417
894490
894503
894535
894544
894789
895021
895642
895648
895651
895659
895716
896145
896265
896842
896985
897729
897745
897861
898441
898660
898684
898802
898904
899164
899166
899647
899823
900017
900619
901696
902053
902056
902270
902281
902787
904020
904080
904344
904535
904851
904898
904977
905035
905722
905895
906196
906307
906337
906347
906469
906525
906605
907093
907127
908754
908797
909326
909950
909963
910057
910133
910394
910468
910619
910620
910639
910719
911002
911004
911012
911115
911149
911151
911221
911522
911566
911576
911576
911626
911631
911801
912083
912241
912295
912365
912908
912908
912952
913015
913034
913159
913285
913364
913665
913665
913666
914384
914435
914480
915354
915390
915859
916104
916106
916109
916184
916457
916823
917464
917707
917770
917821
918275
918577
918581
918653
918765
918944
918963
918964
918999
919013
919226
919603
919611
919943
919957
919999
920038
920042
920317
920317
920321
920771
920947
921439
921445
921549
921898
921929
921960
922404
922471
922475
922810
922812
922868
922978
923473
923529
923877
923899
923978
924117
924140
924174
924374
924380
924632
924921
925178
925464
925548
925660
925739
925779
925928
925942
926038
926285
926617
926866
927314
927417
927456
927643
927760
927790
927809
928064
928156
928375
928375
928800
928908
929061
929144
929752
929941
929994
930529
930735
930795
930817
930835
931085
931336
931457
931702
931799
932088
932110
932127
932140
933136
933157
933401
933524
933583
934306
934330
934509
934851
934852
934873
935063
935066
935493
935724
935730
935802
936163
936446
937603
937971
938320
938578
940034
940510
940716
941020
941552
941814
942138
942143
943206
943320
943320
943322
943323
943605
943690
943861
943894
943941
944136
944163
944310
944400
944402
944522
944649
944725
944739
944853
945212
945276
945379
945436
945771
946090
946154
946283
946323
946392
946661
946816
946842
947156
947268
947397
947425
947429
947431
948073
948087
948590
948844
948945
949228
949240
949485
949493
949876
1000179
1000234
1000285
1000368
1000577
1000578
1000695
1000779
1000876
1000897
1001109
1001111
1001131
1001136
1001430
1001463
1001903
1002022
1002125
1002130
1002131
1002178
1002360
1002579
1002607
1002628
1002813
1002816
1002902
1003111
1003114
1003282
1003429
1003479
1003515
1003932
1004232
1004740
1004967
1004969
1004980
1005015
1005214
1005414
1005653
1005690
1005858
1006269
1006368
1006384
1006598
1006708
1006837
1007184
1007508
1007581
1007588
1007594
1008597
1008882
1009403
1009479
1009618
1009652
1009833
1009833
1009891
1010026
1010086
1010141
1010286
1010286
1010610
1010775
1010915
1011108
1011255
1011308
1011509
1011630
1011738
1012141
1012176
1012316
1012477
1012481
1012697
1013148
1013218
1013238
1013240
1013243
1013316
1013453
1013608
1013610
1013690
1013740
1013787
1013871
1014022
1014052
1014599
1014653
1014763
1014851
1015535
1015611
1015611
1015629
1015868
1015979
1016177
1016577
1016607
1016694
1016741
1016831
1016900
1016933
1017156
1017616
1017648
1017875
1017916
1018005
1018099
1018645
1018675
1018693
1018710
1019285
1019376
1019825
1020389
1020448
1020475
1020477
1020616
1020620
1020676
1021010
1021096
1021282
1021294
1021352
1021549
1021649
1021706
1021848
1022080
1022191
1022329
1022494
1022581
1022646
1022832
1022899
1022901
1022959
1022974
1023052
1023139
1023291
1023294
1023339
1023362
1023519
1023734
1023745
1023994
1024109
1024126
1024401
1024452
1024628
1024678
1025566
1025707
1025950
1025953
1025953
1025966
1026304
1026348
1026486
1026506
1026816
1027377
1027574
1027878
1027909
1028079
1028153
1028361
1028965
1028985
1029140
1029182
1029253
1029321
1029336
1029532
1029738
1029850
1029893
1029932
1030058
1030108
1030339
1030452
1030749
1030776
1030906
1031107
1031176
1031296
1031425
1031754
1031827
1031911
1031999
1033671
1033926
1034072
1034257
1034258
1034415
1035118
1035270
1035271
1035374
1035423
1035426
1035815
1035826
1036075
1036260
1036283
1036297
1037016
1037016
1037067
1037070
1037676
1037682
1037737
1037927
1037962
1038217
1038274
1038284
1038370
1038800
1038914
1039184
1039208
1039387
1039500
1039646
1039690
1039780
1039947
1040415
1040597
1040599
1040719
1040719
1040993
1041077
1041095
1041380
1041454
1041548
1041623
1041645
1041858
1041895
1041954
1041970
1042051
1042078
1042418
1042420
1042582
1043055
1043105
1043119
1043156
1043310
1043382
1043438
1043497
1043505
1043533
1043769
1044269
1044324
1044434
1044440
1044583
1044612
1044649
1044760
1045014
1045151
1045309
1045425
1045550
1045598
1045703
1045739
1045828
1046356
1046558
1046578
1046607
1046777
1046880
1047021
1047040
1047153
1047175
1047326
1047368
1047499
1047733
1047739
1047860
1047919
1048142
1048268
1048273
1048339
1048566
1048740
1048796
1048845
1049129
1049442
1049618
1049620
1049889
1050112
1050119
1050504
1050835
1051009
1051059
1051209
1051249
1051254
1051379
1051381
1051904
1051985
1052163
1052245
1052246
1052743
1053178
1053316
1053691
1054000
1054303
1054422
1054524
1054588
1054709
1054748
1054992
1055131
1055454
1055458
1055468
1055564
1055684
1056286
1056312
1056748
1056756
1056758
1057187
1057232
1057334
1057489
1057725
1057827
1057831
1057834
1057836
1058033
1058623
1058627
1058628
1058629
1058631
1058703
1058767
1058956
1058986
1059130
1059363
1059364
1059397
1059421
1059567
1059570
1059572
1059573
1059576
1059623
1059677
1059706
1059838
1059888
1059976
1060024
1060228
1060242
1060326
1060356
1060390
1060531
1060791
1060948
1060951
1060990
1061029
1061103
1061103
1061164
1061322
1061399
1061499
1061580
1061583
1061701
1061800
1061822
1061857
1061985
1062184
1062312
1062441
1062485
1062515
1062565
1062613
1062781
1062829
1062834
1063199
1063262
1063326
1063537
1063574
1063842
1063921
1063997
1064049
1064063
1064133
1064526
1064527
1064535
1064728
1065001
1065049
1065059
1065152
1065253
1065310
1065458
1065493
1065633
1065663
1065869
1065910
1065983
1066048
1066134
1066138
1066281
1066759
1066797
1066923
1066928
1066930
1067056
1067064
1067125
1067310
1067331
1067356
1067447
1067457
1067541
1067636
1068049
1068052
1068078
1068292
1068660
1068848
1068874
1068912
1069003
1069201
1069353
1069602
1070313
1070510
1070602
1070630
1070669
1070699
1071411
1071598
1071645
1072048
1072229
1072258
1072342
1072548
1072765
1072914
1073091
1073429
1073715
1073794
1073857
1074436
1074457
1074530
1074663
1074874
1074908
1074927
1075043
1075066
1076235
1076462
1076643
1076647
1076700
1076732
1076930
1077030
1077050
1077552
1077597
1078006
1078203
1078392
1078404
1078420
1078547
1078577
1078593
1078706
1079250
1079791
1079797
1080029
1080290
1080504
1080558
1081004
1081015
1081074
1081154
1081192
1081207
1081290
1081404
1081665
1081748
1081878
1081938
1082084
1082129
1082193
1082292
1082484
1082699
1082797
1082993
1083036
1083132
1083198
1083200
1083661
1083753
1083914
1084103
1084463
1084465
1084486
1084573
1084722
1084727
1084873
1085129
1085254
1085254
1085319
1085320
1085321
1085475
1085476
1085734
1085776
1086303
1086385
1086411
1086620
1086637
1086722
1087008
1087243
1087322
1087328
1087831
1087879
1088022
1088116
1088162
1088214
1088316
1088341
1088382
1088464
1088787
1088811
1088815
1088914
1089393
1089450
1089451
1089708
1089775
1089851
1089853
1089854
1089953
1090052
1090870
1091492
1091535
1091596
1091596
1091601
1091601
1091667
1091862
1091862
1091953
1092050
1092233
1092302
1092319
1092536
1092605
1092657
1092839
1092917
1093207
1093273
1093546
1093942
1094572
1094944
1094983
1095016
1095102
1095274
1095701
1095751
1095792
1095821
1095827
1096050
1096052
1096132
1096339
1096339
1096352
1096353
1096354
1096481
1096509
1096536
1096560
1096594
1096789
1097002
1097081
1097181
1097335
1097516
1097523
1097570
1097575
1097805
1097867
1098016
1098044
1098278
1098311
1098315
1098430
1098432
1098481
1098560
1098570
1098692
1098844
1098923
1098949
1099231
1099363
1099730
1100091
1100202
1100395
1100592
1100674
1100871
1100954
1100981
1101092
1101137
1101152
1101169
1101661
1101851
1102119
1102217
1102283
1102329
1102423
1102440
1102542
1102546
1102752
1103062
1103078
1103137
1103280
1103345
1103764
1103776
1103993
1104041
1104161
1104219
1104252
1104332
1104358
1104771
1105055
1105533
1106759
1106836
1106928
1107080
1107332
1107343
1107601
1107802
1107947
1107978
1108088
1108107
1108703
1108730
1108943
1108951
1108955
1109153
1109189
1109196
1109279
1109329
1109531
1109664
1109664
1110128
1110418
1110441
1110794
1111335
1111634
1111697
1111789
1111845
1111938
1112263
1112319
1112412
1112424
1112437
1112519
1112999
1113053
1113054
1113129
1113247
1113527
1113674
1113806
1113836
1113920
1114241
1114365
1114605
1114654
1114655
1114676
1114908
1114937
1114959
1115084
1115295
1115616
1115841
1115896
1116086
1116112
1116181
1116201
1116262
1116521
1116563
1116694
1117042
1117258
1117458
1117922
1117922
1119040
1119190
1119307
1119664
1120817
1120830
1121026
1121131
1121309
1121745
1121783
1121785
1121806
1121811
1121884
1121886
1122101
1122106
1122211
1122787
1122887
1122965
1123028
1123195
1123448
1123541
1123606
1123647
1123648
1123652
1123671
1123845
1123864
1124024
1124289
1124394
1124566
1124608
1125052
1125532
1125892
1126294
1126752
1127269
1127342
1127358
1127360
1127362
1127783
1128709
1128723
1129650
1129695
1129981
1130013
1130128
1131072
1131517
1131806
1132143
1132590
1132645
1132784
1133324
1133494
1133598
1133754
1134015
1134016
1135185
1135338
1135361
1135906
1136294
1137157
1137204
1137239
1137435
1137469
1137778
1138173
1138258
1138659
1138862
1139029
1139184
1139198
1140298
1140472
1140586
1140761
1140761
1141197
1141395
1142488
1143566
1143799
1144834
1144835
1144906
1145061
1145202
1145238
1145238
1145330
1145331
1145332
1145333
1145334
1156216
1156218
1156220
1156221
1156295
1157443
1157516
1157564
1158019
1158134
1159154
1159544
1160084
1160165
1160294
1160437
1160846
1161625
1161785
1161924
1162298
1162721
1163332
1163913
1163958
1164086
1164123
1165532
1165921
1166239
1166291
1166365
1166380
1166380
1166414
1167178
1167370
1167880
1168213
1168454
1169277
1169709
1170016
1170161
1170218
1170605
1171012
1171014
1171017
1171032
1171675
1171749
1171825
1172222
1172371
1172678
1172939
1173313
1173738
1174527
1175028
1175108
1176193
1176325
1176435
1176967
1177292
1178104
1178336
1178537
1178539
1178541
1178543
1178717
1178818
1180186
1180743
1181232
1181920
1183920
1191119
1194424
1200268
1200715
1200718
1200745
1200748
1200752
1201251
1201259
1202963
1203957
1205181
1206264
1207070
1207856
1208261
1208833
1210036
1210936
1211805
1215942
1216462
1216596
1216964
1219097
1219702
1223667
1224923
1226932
1227728
1230355
1230489
1232229
1232400
1236038
1236309
1236736
1237941
1238289
1238631
1239819
1240722
1244041
1244087
1252956
1253710
1255107
1256536
1256582
1257296
1259550
1261482
1262751
1265107
1265238
1265239
1265241
1265242
1265243
1265244
1265245
1265251
1265253
1265254
1265255
1265256
1265259
1265260
1265262
1265263
1265264
1265265
1265266
1265267
1265268
1265269
1265271
1265273
1265274
1265275
1265275
1265276
1265283
1265284
1265319
1265319
1265572
1266604
1266605
1268984
1269022
1270597
1271833
1271834
1274055
1274563
1275211
1275712
1276477
1276676
1279831
1281629
1281922
1282266
1282543
1282613
1282648
1282648
1283552
1283664
1283683
1283794
1283810
1283825
1283826
1283829
1283834
1283834
1283843
1284453
1285043
1285206
1286382
1287151
1287152
1287159
1287164
1287286
1287900
1288359
1288361
1288407
1288946
1289255
1289370
1289480
1289701
1289871
1291983
1292215
1292731
1293310
1293377
1293379
1293385
1294148
1294208
1294250
1294371
1294476
1294875
1296391
1296595
1296937
1297720
1298663
1299716
1299966
1300744
1301063
1301206
1301501
1301712
1302502
1302977
1303565
1303849
1304588
1305464
1305468
1305748
1307697
1309126
1309237
1309499
1310067
1310094
1310488
1310527
1311230
1311396
1311486
1311803
1311953
1313024
1314077
1314361
1314642
1315054
1316410
1316826
1318035
1319009
1319842
1319845
1319855
1320459
1320460
1320461
1320462
1320463
1320465
1320467
1320468
1320475
1320476
1320477
1321099
1321544
1321544
1321746
1322069
1322070
1322071
1322088
1322094
1322096
1322097
1322100
1322101
1322104
1322105
1322106
1322107
1322108
1322110
1322112
1322113
1322115
1322115
1322116
1322117
1322118
1322120
1322122
1322123
1322127
1322129
1322131
1322132
1322133
1322134
1322138
1322139
1322141
1322142
1322144
1322145
1322146
1322147
1322148
1322149
1322150
1322151
1322153
1322154
1322155
1322156
1322157
1322158
1322159
1322161
1322162
1322167
1322168
1322173
1322175
1322178
1322179
1322180
1322182
1322184
1322186
1322187
1322188
1322189
1322190
1322192
1322196
1322200
1322203
1322207
1322226
1322230
1322234
1322236
1322238
1322240
1322244
1322246
1322248
1322249
1322250
1322251
1322253
1322255
1322439
1322705
1323056
1323163
1323543
1323770
1324477
1324479
1324759
1326200
1326428
1326531
1326686
1326688
1327012
1328910
1329068
1329184
1329605
1330340
1330487
1330849
1330849
1331427
1332341
1332412
1333291
1334127
1334872
1334914
1335103
1335104
1335190
1335236
1335288
1336339
1336390
1336545
1336545
1337885
1337913
1338095
1338949
1340744
1340752
1341293
1341497
1341843
1341853
1342514
1342643
1342803
1343202
1343360
1343611
1343719
1343881
1343957
1345059
1345968
1346222
1346526
1346685
1346980
1347613
1349120
1349436
1349976
1351197
1351413
1351548
1351667
1352045
1355128
1355804
1356505
1357062
1357361
1357371
1357838
1358057
1359555
1360214
1360849
1360849
1361937
1362614
1362659
1362659
1363033
1363346
1364100
1364796
1366909
1366913
1367311
1367387
1367396
1367396
1367858
1368147
1368154
1368154
1368218
1368900
1369233
1370512
1372175
1372326
1374835
1374985
1375083
1375098
1375424
1376502
1376610
1376812
1376912
1377053
1377720
1378670
1379763
1379895
1379926
1382056
1382399
1382805
1382911
1383154
1383960
1384072
1384072
1385228
1385542
1385544
1386026
1386927
1387156
1387371
1389053
1390630
1392091
1392477
1393066
1393614
1393631
1394954
1395000
1395864
1396426
1396838
1397087
1397346
1397396
1397516
1397867
1398201
1398702
1399311
1399541
1399542
1400000
1400122
1400428
1400891
1401106
1401300
1402281
1402364
1403053
1403085
1403433
1403548
1403802
1403853
1404831
1404834
1404839
1404940
1405041
1405073
1405419
1405424
1406081
1406223
1406508
1406868
1407190
1407698
1407703
1407805
1410056
1410177
1410402
1410637
1411272
1411286
1411374
1411851
1412030
1412193
1412347
1413142
1414367
1416712
1418862
1419428
1420176
1421105
1421182
1421601
1421732
1422109
1423239
1424328
1425319
1426082
1428059
1429331
1429386
1429896
1430441
1430996
1431372
1431559
1431654
1431888
1432244
1432985
1432987
1433833
1434589
1434621
1434842
1434893
1436164
1436222
1436329
1437073
1437106
1439600
1441849
1443002
1443115
1443593
1443799
1443818
1445049
1445146
1448064
1449491
1449709
1450074
1450390
1451951
1452206
1452384
1452476
1454238
1456455
1457737
1461993
1465872
1471261
1473061
1475273
1475899
1476170
1476719
1477961
1478909
1479920
1487561
1487920
1489137
1489161
1490165
1490636
1490930
1493587
1494448
1496631
1497814
1501732
1503813
1506932
1508677
1509589
1512369
1514242
1514443
1516479
1517342
1518403
1521847
1526689
1526796
1526948
1528837
1532543
1532750
1532930
1533924
1534287
1536256
1541354
1547638
1549145
1549756
1551510
1553588
1554875
1554923
1555082
1555177
1555492
1556739
1560186
1561551
1562594
1568079
1568832
1573166
1575360
1575599
1579010
1580185
1581312
1582054
1584952
1585644
1586105
1586300
1588242
1594590
1602367
1603923
1613011
1615817
1623595
1648893
1656328
1660719
1690769
1720201
1735828
