1021
1034
1078
1094
1115
1177
1234
1244
1259
1359
1478
1523
1559
1602
1633
1656
1884
1951
2044
2070
2085
2086
2111
2169
2193
2220
2222
2226
2230
2236
2240
2246
2251
2267
2299
2403
2547
2589
2616
2751
2897
2903
2940
2942
2960
2990
3011
3116
3169
3171
3288
3311
3504
3584
3673
3691
3735
3786
3807
3915
3916
3917
3934
3971
4124
4145
4162
4228
4245
4329
4409
4418
4632
4641
4675
4826
4843
5020
5045
5174
5180
5241
5336
5421
5479
5557
5639
5697
5785
5798
5841
5885
5888
5901
5902
5988
6039
6054
6096
6110
6158
6170
6266
6315
6410
6575
6598
6677
6722
6730
6924
6981
7133
7171
7186
7205
7208
7215
7228
7241
7243
7245
7250
7257
7275
7409
7503
7504
7526
7536
7556
7637
7662
7683
7694
7723
7741
7750
7826
7828
7850
7936
8014
8020
8133
8213
8333
8488
8526
8530
8546
8666
8687
8858
8872
9051
9330
9340
9372
9459
9490
9590
9607
9689
9916
9939
9969
10115
10185
10211
10237
10238
10244
10254
10321
10380
10407
10530
10550
10734
10761
10903
11032
11035
11051
11115
11136
11160
11183
11376
11730
11774
11793
11805
11832
11836
11898
11914
11919
11929
11935
11982
12065
12077
12091
12126
12131
12180
12181
12233
12250
12252
12253
12257
12274
12338
12381
12390
12405
12433
12458
12479
12560
12573
12576
12580
12589
12595
12684
12691
12711
12713
12717
12719
12757
12818
12834
12850
12874
12879
12915
12917
12942
12947
12961
13013
13071
13110
13123
13172
13184
13198
13204
13235
13239
13282
13288
13316
13332
13334
13365
13397
13422
13467
13474
13483
13484
13593
13599
13619
13623
13631
13657
13700
13704
13721
13733
13786
13789
13794
13800
13835
13839
13849
13992
14102
14169
14186
14242
14257
14285
14290
14296
14304
14320
14378
14385
14395
14446
14451
14487
14512
14538
14555
14566
14581
14582
14597
14603
14606
14622
14652
14674
14836
14853
14886
14897
14918
14960
14983
14985
15028
15106
15133
15178
15315
15411
15414
15446
15465
15470
15489
15708
15752
15758
15798
15803
15848
16101
16269
16437
16453
16456
16480
16488
16557
16620
16687
16719
16745
16795
17101
17107
17196
17199
17232
17239
17266
17498
17928
17931
18009
18100
18430
18432
18609
18625
18689
18841
18934
19069
19155
19845
19951
19985
20115
20143
20158
20202
20228
20245
20249
20296
20333
20492
20494
20651
20659
20877
20884
20904
20983
21047
21118
21132
21136
21186
21188
21244
21424
21505
21598
21659
21673
21685
21739
21776
21777
21801
22144
22221
22250
22260
22308
22377
22401
22507
22632
22734
22773
22837
22957
22963
23000
23088
23196
23253
23270
23291
23320
23387
23526
23570
23605
23620
23623
23714
23776
23790
23791
23799
23812
23819
23877
23940
23945
23988
24008
24021
24040
24068
24110
24179
24184
24185
24191
24197
24198
24219
24220
24224
24225
24302
24304
24344
24353
24360
24376
24378
24381
24389
24396
24402
24449
24468
24473
24484
24495
24531
24539
24607
24635
24648
24662
24668
24669
24689
24691
24699
24710
24712
24726
24728
24758
24759
24771
24781
24782
24828
24837
24842
24843
24852
24853
24856
24858
24877
24878
24881
24888
24890
24898
24914
24931
24966
24971
24982
24996
25000
25003
25007
25013
25033
25047
25062
25095
25110
25168
25216
25241
25268
25279
25312
25313
25315
25318
25324
25355
25356
25361
25390
25396
25433
25514
25523
25546
25578
25579
25586
25623
25641
25643
25648
25694
25711
25746
25750
25757
25789
25841
25850
25880
25882
25906
25924
25937
25972
25993
26004
26006
26020
26026
26037
26038
26246
26583
26747
26761
26898
26909
27522
27747
27756
27765
27766
27784
27810
27823
27825
27845
27896
27914
27920
27927
27939
27983
27988
28020
28027
28150
28177
28209
28251
28252
28265
28272
28324
28380
28461
28543
28563
28616
28699
28739
28740
28786
28795
28806
28817
28937
29023
29032
29086
29127
29165
29252
29278
29288
29312
29319
29343
29344
29390
29451
29459
29461
29464
29476
29496
29497
29677
29697
29706
29710
29729
29759
29764
29826
29829
29837
29852
29874
29939
29955
29992
30007
30012
30095
30109
30137
30161
30175
30185
30194
30205
30236
30239
30255
30257
30265
30281
30283
30291
30352
30361
30405
30442
30451
30546
30554
30561
30612
30618
30641
30645
30674
30774
30775
30837
30843
30891
30910
30921
30928
30971
31015
31027
31037
31096
31114
31166
31223
31229
31300
31351
31394
31418
31459
31484
31503
31516
31518
31549
31568
31614
31616
31635
31673
31689
31706
31751
31761
31793
31821
31887
60796
60835
60857
60875
60897
60906
60950
61047
61059
61061
61101
61108
61131
61140
61148
61166
61167
61174
61181
61271
61276
61325
61399
61414
61430
61433
61435
61437
61448
61462
61483
61490
61494
61496
61523
61527
61564
61566
61574
61584
61600
61644
61655
61673
61691
61703
61706
61711
61723
61745
61750
61765
61781
61831
61836
61858
61871
61872
61895
61899
61900
61901
61940
61974
61976
61979
61980
61982
61996
62027
62036
62046
62055
62056
62070
62073
62077
62109
62110
62117
62122
62133
62168
62170
62200
62215
62231
62236
62237
62263
62275
62276
62288
62327
62336
62382
62395
62412
62465
62471
62475
62488
62497
62505
62525
62526
62592
62632
62666
62683
62700
62705
62728
62761
62784
62809
62821
62826
62846
62860
62874
62885
62889
62911
62913
62921
62923
62948
62954
62960
62966
62967
62977
62990
62993
63004
63005
63018
63029
63030
63038
63051
63062
63078
63081
63082
63083
63084
63100
63122
63128
63162
63186
63246
63291
63297
63312
63374
63385
63405
63418
63427
63430
63442
63446
63478
63490
63562
63604
63617
63645
63650
63676
63690
63700
63728
63758
63789
63790
63800
63804
63866
63882
63899
63901
63934
63941
63945
63979
63990
63996
63997
64004
64014
64057
64132
64162
64166
64182
64197
64209
64308
64314
64327
64332
64334
64335
64341
64360
64367
64375
64382
64392
64404
64412
64497
64515
64542
64583
64590
64608
64675
64680
64767
64786
64807
64839
64840
64857
64865
64929
64931
65011
65014
65016
65034
65042
65072
65082
65109
65124
65169
65173
65189
65217
65218
65243
65250
65264
65280
65303
65310
65317
65368
65376
65379
65389
65404
65433
65455
65463
65553
65578
65587
65669
65681
65703
65709
65732
65737
65760
65771
65772
65783
65788
65803
65812
65832
65838
65872
65876
65893
65905
65930
65944
65967
65991
66027
66042
66060
66198
66204
66225
66242
66244
66269
66366
66374
66416
66426
66435
66445
66451
66459
66552
66564
66571
66588
66610
66616
66630
66651
66659
66683
66697
66698
66726
66728
100080
100418
100423
101076
101204
101256
101310
101317
102045
104850
104904
105230
105574
105700
105827
105851
105932
106100
106169
106179
106239
106261
106265
106271
106322
106365
106501
106589
106608
106716
106789
106808
106813
106915
107265
107481
107606
107648
107769
107843
108145
108516
108564
108631
108695
108699
108718
108753
108794
109246
109247
109423
109425
109522
109580
109823
109925
109930
110484
110620
110728
111022
111492
111581
111965
112001
112033
112167
112178
112408
112754
112814
112819
112881
113178
113270
113460
113533
113612
113646
114351
114656
115081
115181
115237
115307
115747
115750
115918
116025
116389
116668
116829
116903
117029
117116
117142
117298
117829
118081
118577
118634
118733
119053
119216
119297
119753
120051
120113
120297
120302
121375
121440
121762
121819
122060
122114
122143
122219
122255
122257
122315
122376
122916
123017
124050
124555
124634
124636
124638
125000
125460
125528
125531
125714
125794
126006
126122
126455
126554
126769
126772
126797
127034
127234
127254
127384
127439
127455
127456
127481
127484
127494
127514
127736
128021
128098
128358
128599
128663
129441
129466
129632
129848
130200
132539
132641
132802
133164
133246
133249
133328
133366
133424
133468
133504
133724
133729
133731
133766
133868
133871
133885
134308
134451
134685
134869
135004
135165
135247
135345
135787
135986
136186
136310
136725
136804
136809
136884
137069
137090
137131
137136
137150
137250
137642
137722
137801
137803
137883
138003
138121
138122
138123
138126
138129
138203
138205
138341
138343
138404
138464
138466
138470
138483
138490
138608
138641
138662
138703
138705
138707
138741
138744
138747
138781
139062
139922
140023
140042
140044
140067
140073
140164
140242
140443
140445
140568
140614
140640
140672
140676
140798
140900
140908
140937
141057
141097
141196
141197
141200
141216
141276
141277
141321
141361
141362
141368
141369
141382
141384
141390
141441
141460
141469
141496
141781
141846
141847
142045
142096
142106
142156
142254
142420
142459
142568
142714
142813
142845
142956
143176
143421
143526
143582
143605
143632
143770
143788
143892
143909
143992
144117
144359
144396
144436
144520
144559
144641
144645
144887
145003
145043
145046
145080
145081
145108
145160
145206
145228
145287
145367
145416
145512
145552
145577
145820
145831
145854
145893
145911
145913
145935
145991
146051
146111
146156
146191
146451
146500
146616
146619
146620
146648
146736
146739
146775
146778
147200
147201
147226
147262
147449
147451
147563
147644
147648
147817
147849
147851
147852
147885
147898
147990
148069
148149
148169
148219
148225
148234
148239
148254
148293
148323
148330
148356
148367
148472
148552
148710
148870
148930
149065
149092
149259
149297
149578
149677
149998
150200
150203
150218
150221
150249
150257
150284
150397
150459
150580
150681
150751
150761
150801
150922
151016
151200
151286
151543
151586
151630
151928
152008
152034
152149
152650
153793
153957
154414
154433
154605
154708
154758
154773
155387
155614
155615
155737
155794
155795
155913
155935
156133
156292
156293
156617
156857
156860
157293
157355
157414
157633
157676
157758
157860
157865
157954
157959
158055
158233
158235
158563
158734
158746
158764
159125
160204
160205
160237
160255
160272
160290
160340
160367
160374
160375
160488
160532
160533
160578
160597
160600
160607
160668
160670
160770
160809
160864
160902
160932
160997
161016
161037
161057
161071
161073
161088
161799
161816
161840
161854
161926
161928
162146
162335
162356
162369
162378
162403
162404
162411
162461
162497
162574
162585
162598
162699
162732
162770
162809
162833
162887
162892
162934
162948
162956
162958
163018
163020
163035
163048
163087
163088
163102
163121
163628
163672
163720
163721
163888
163889
163893
163894
163919
163922
163931
163965
163979
163985
163991
164001
164025
164266
164270
164293
164384
164411
164510
164511
164558
164571
164579
164605
164609
164610
164612
164652
164664
164679
164720
165179
165215
165252
165266
165267
165281
165291
165359
165396
165414
165563
165650
165686
165742
165745
165779
165785
165814
165843
165844
165847
165855
165857
165878
165934
165943
166200
166224
166365
166414
166434
166435
166450
166481
166485
166555
166569
166570
166586
166591
166595
166622
170420
170450
170520
170945
170961
170969
171002
171022
171097
174050
174094
174118
174134
174136
174158
174160
174236
174283
174322
174329
174376
174390
174391
174428
174454
174507
174647
174648
174692
174743
174876
175008
175013
175064
175067
175079
175084
175153
175163
175235
175308
175321
175346
175386
175424
175466
175475
175483
175490
175518
175533
175612
175660
175743
175865
175869
175903
175913
175949
175966
175969
175978
175995
176017
176022
176082
176135
176180
176229
176237
176273
176275
176291
176355
176361
176500
176503
176522
176594
176636
176660
176663
176670
176702
176705
176741
176780
176861
176951
176963
176974
176992
177110
177112
177125
177129
177182
177226
177227
177228
177258
177264
177284
177285
177287
177313
177367
177442
177450
177467
177472
177599
177606
177677
177738
177764
177800
177838
177881
177921
177924
177930
178097
178106
178157
178303
178369
178513
178531
178547
178619
178697
178722
178728
178738
178752
178774
178799
178800
178803
178833
178847
178849
178855
178972
179027
179054
179111
179185
179204
179299
179380
179413
179416
179428
179436
179438
179441
179457
179503
179581
179582
179598
179605
179667
179668
179669
179671
179686
179737
179746
179803
179833
179840
179841
179929
180030
180042
180057
180231
180279
180363
180698
181104
181617
181794
181900
182015
182023
182308
182309
182350
182383
182826
183101
183116
183257
183283
183322
183337
183346
183444
183588
183593
183602
183636
183669
183684
183739
183809
183850
183851
183879
183896
183904
183945
184046
184058
184077
184078
184079
184109
184114
184240
184256
184465
184487
184542
184543
184660
184703
184796
184884
184886
184888
184904
184961
185058
185067
185125
185154
185193
185261
185289
185307
185337
185346
185355
185397
185415
185419
185428
185434
185584
185658
185659
185826
185836
185908
185917
185945
185946
186030
186045
186159
186525
186562
186607
186661
186832
186953
186974
187285
187368
187410
187631
187653
187686
187739
189363
190355
190580
190856
194255
196269
196856
201088
205950
206184
211897
212340
212639
212782
221963
223098
232623
238455
241335
241801
241956
246010
249507
253527
254096
254399
259073
260778
260838
260892
260919
264265
264270
264385
264387
264398
264414
264506
264668
265008
266316
266319
271794
271987
277812
285536
286017
286253
286396
287111
293754
296885
